============================================================
COMPLETE CLASSIFICATION METRICS
============================================================

              precision    recall  f1-score   support

         A10     1.0000    1.0000    1.0000         7
         A30     1.0000    1.0000    1.0000         7
         A50     1.0000    1.0000    1.0000         7
       A&C10     1.0000    1.0000    1.0000         6
       A&C30     1.0000    1.0000    1.0000         8
       A&B50     1.0000    1.0000    1.0000         8
     A&C&B10     1.0000    1.0000    1.0000         6
     A&C&B30     1.0000    1.0000    1.0000         8
         Fan     1.0000    1.0000    1.0000         6
     Rotor-0     1.0000    1.0000    1.0000         6
      Noload     1.0000    1.0000    1.0000         5

    accuracy                         1.0000        74
   macro avg     1.0000    1.0000    1.0000        74
weighted avg     1.0000    1.0000    1.0000        74


Confusion Matrix:
[[7 0 0 0 0 0 0 0 0 0 0]
 [0 7 0 0 0 0 0 0 0 0 0]
 [0 0 7 0 0 0 0 0 0 0 0]
 [0 0 0 6 0 0 0 0 0 0 0]
 [0 0 0 0 8 0 0 0 0 0 0]
 [0 0 0 0 0 8 0 0 0 0 0]
 [0 0 0 0 0 0 6 0 0 0 0]
 [0 0 0 0 0 0 0 8 0 0 0]
 [0 0 0 0 0 0 0 0 6 0 0]
 [0 0 0 0 0 0 0 0 0 6 0]
 [0 0 0 0 0 0 0 0 0 0 5]]